0.0117158889771, 1, 0.0
0.135324954987, 1, 0.0
0.136533021927, 1, 0.0
0.142622947693, 1, 0.0
0.14865398407, 1, 0.0
0.154672861099, 1, 0.0
0.160784006119, 1, 0.0
0.166964054108, 1, 0.0
0.172922849655, 1, 0.0
0.178853034973, 1, 0.0
0.185153961182, 1, 0.0
0.190908908844, 1, 0.0
0.197087049484, 1, 0.0
0.202992916107, 1, 0.0
0.209075927734, 1, 0.0
0.215250968933, 1, 0.0
0.221107006073, 1, 0.0
0.227182865143, 1, 0.0
0.233214855194, 1, 0.0
0.239250898361, 1, 0.0
0.245478868484, 1, 0.0
0.251322984695, 1, 0.0
0.257340908051, 1, 0.0
0.263453960419, 1, 0.0
0.269463062286, 1, 0.0
0.275471925735, 1, 0.0
0.281533956528, 1, 0.0
0.287574052811, 1, 0.0
0.293617010117, 1, 0.0
0.299679040909, 1, 0.0
0.305680036545, 1, 0.0
0.311815977097, 1, 0.0
0.317776918411, 1, 0.0
0.323797941208, 1, 0.0
0.329881906509, 1, 0.0
0.335896968842, 1, 0.0
0.341919898987, 1, 0.0
0.34800696373, 1, 0.0
0.354017019272, 1, 0.0
0.360111951828, 1, 0.0
0.36612701416, 1, 0.0
0.37212395668, 1, 0.0
0.378164052963, 1, 0.0
0.384202957153, 1, 0.0
0.390256881714, 1, 0.0
0.396327972412, 1, 0.0
0.402354955673, 1, 0.0
0.408372879028, 1, 0.0
0.414407968521, 1, 0.0
0.420464992523, 1, 0.0
0.426512956619, 1, 0.0
0.432532072067, 1, 0.0
0.438575983047, 1, 0.0
0.444612026215, 1, 0.0
0.450669050217, 1, 0.0
0.456691980362, 1, 0.0
0.46275806427, 1, 0.0
0.468777894974, 1, 0.0
0.474819898605, 1, 0.0
0.480871915817, 1, 0.0
0.48689699173, 1, 0.0
0.492959022522, 1, 0.0
0.498983860016, 1, 0.0
0.505028009415, 1, 0.0
0.511079072952, 1, 0.0
0.517120838165, 1, 0.0
0.523144006729, 1, 0.0
0.529217004776, 1, 0.0
0.535233974457, 1, 0.0
0.541287899017, 1, 0.0
0.54732298851, 1, 0.0
0.55335187912, 1, 0.0
0.559411048889, 1, 0.0
0.565434932709, 1, 0.0
0.571483850479, 1, 0.0
0.577537059784, 1, 0.0
0.583559036255, 1, 0.0
0.589647054672, 1, 0.0
0.595669984818, 1, 0.0
0.601681947708, 1, 0.0
0.607943058014, 1, 0.0
0.613769054413, 1, 0.0
0.619804859161, 1, 0.0
0.625870943069, 1, 0.0
0.63190984726, 1, 0.0
0.637969970703, 1, 0.0
0.643980979919, 1, 0.0
0.650007963181, 1, 0.0
0.656072854996, 1, 0.0
0.662122964859, 1, 0.0
0.668177843094, 1, 0.0
0.674182891846, 1, 0.0
0.680222988129, 1, 0.0
0.686255931854, 1, 0.0
0.692327976227, 1, 0.0
0.698377847672, 1, 0.0
0.704405069351, 1, 0.0
0.710444927216, 1, 0.0
0.716462850571, 1, 0.0
0.722527980804, 1, 0.0
0.728585004807, 1, 0.0
0.734612941742, 1, 0.0
0.740649938583, 1, 0.0
0.74668097496, 1, 0.0
0.752707004547, 1, 0.0
0.758777856827, 1, 0.0
0.764792919159, 1, 0.0
0.770853042603, 1, 0.0
0.776893854141, 1, 0.0
0.782935857773, 1, 0.0
0.789000988007, 1, 0.0
0.795013904572, 1, 0.0
0.80103802681, 1, 0.0
0.807102918625, 1, 0.0
0.813139915466, 1, 0.0
0.819198846817, 1, 0.0
0.825305938721, 1, 0.0
0.831248044968, 1, 0.0
0.837297916412, 1, 0.0
0.843339920044, 1, 0.0
0.849400043488, 1, 0.0
0.855428934097, 1, 0.0
0.86146903038, 1, 0.0
0.867493867874, 1, 0.0
0.87354683876, 1, 0.0
0.87958407402, 1, 0.0
0.885612010956, 1, 0.0
0.891758918762, 1, 0.0
0.897718906403, 1, 0.0
0.903758049011, 1, 0.0
0.909833908081, 1, 0.0
0.915842056274, 1, 0.0
0.92188501358, 1, 0.0
0.927921056747, 1, 0.0
0.933964014053, 1, 0.0
0.940024852753, 1, 0.0
0.946059942245, 1, 0.0
0.952089071274, 1, 0.0
0.958132982254, 1, 0.0
0.964169025421, 1, 0.0
0.970234870911, 1, 0.0
0.976278066635, 1, 0.0
0.982295036316, 1, 0.0
0.988344907761, 1, 0.0
0.994376897812, 1, 0.0
1.00043606758, 1, 0.0
1.00643706322, 1, 0.0
1.01249504089, 1, 0.0
1.01851606369, 1, 0.0
1.024559021, 1, 0.0
1.03061103821, 1, 0.0
1.03664088249, 1, 0.0
1.04269790649, 1, 0.0
1.04872202873, 1, 0.0
1.05476784706, 1, 0.0
1.0608189106, 1, 0.0
1.06684994698, 1, 0.0
1.07288694382, 1, 0.0
1.07894897461, 1, 0.0
1.08496904373, 1, 0.0
1.09115195274, 1, 0.0
1.09704995155, 1, 0.0
1.10309004784, 1, 0.0
1.10915493965, 1, 0.0
1.11517190933, 1, 0.0
1.12136387825, 1, 0.0
1.12727689743, 1, 0.0
1.13333106041, 1, 0.0
1.13936305046, 1, 0.0
1.14540100098, 1, 0.0
1.15144085884, 1, 0.0
1.15752005577, 1, 0.0
1.16353392601, 1, 0.0
1.16954898834, 1, 0.0
1.17558598518, 1, 0.0
1.18163895607, 1, 0.0
1.18767094612, 1, 0.0
1.19372391701, 1, 0.0
1.19979500771, 1, 0.0
1.20580196381, 1, 0.0
1.21182584763, 1, 0.0
1.21789693832, 1, 0.0
1.22390699387, 1, 0.0
1.22996401787, 1, 0.0
1.23599004745, 1, 0.0
1.24207091331, 1, 0.0
1.24813294411, 1, 0.0
1.25413799286, 1, 0.0
1.26016592979, 1, 0.0
1.26619291306, 1, 0.0
1.27223801613, 1, 0.0
1.27831506729, 1, 0.0
1.2843298912, 1, 0.0
1.29036307335, 1, 0.0
1.29647302628, 1, 0.0
1.30247998238, 1, 0.0
1.30862784386, 1, 0.0
1.31454086304, 1, 0.0
1.32060003281, 1, 0.0
1.32668995857, 1, 0.0
1.33265304565, 1, 0.0
1.33873105049, 1, 0.0
1.34483003616, 1, 0.0
1.35079503059, 1, 0.0
1.35682892799, 1, 0.0
1.36320304871, 1, 0.0
1.3689520359, 1, 0.0
1.37497901917, 1, 0.0
1.38104104996, 1, 0.0
1.38710284233, 1, 0.0
1.39311695099, 1, 0.0
1.39915895462, 1, 0.0
1.4051990509, 1, 0.0
1.41144490242, 1, 0.0
1.41727185249, 1, 0.0
1.42333698273, 1, 0.0
1.42936992645, 1, 0.0
1.43680906296, 1, 0.0
1.44145298004, 1, 0.0
1.44749283791, 1, 0.0
1.4535150528, 1, 0.0
1.45980906487, 1, 0.0
1.46559786797, 1, 0.0
1.47162485123, 1, 0.0
1.477643013, 1, 0.0
1.48369693756, 1, 0.0
1.48973703384, 1, 0.0
1.49579000473, 1, 0.0
1.50182294846, 1, 0.0
1.5078959465, 1, 0.0
1.51404690742, 1, 0.0
1.51996302605, 1, 0.0
1.52599787712, 1, 0.0
1.5320019722, 1, 0.0
1.53804588318, 1, 0.0
1.5441160202, 1, 0.0
1.55012989044, 1, 0.0
1.55618286133, 1, 0.0
1.56223702431, 1, 0.0
1.56825089455, 1, 0.0
1.57432293892, 1, 0.0
1.58035683632, 1, 0.0
1.58639788628, 1, 0.0
1.5924270153, 1, 0.0
1.598487854, 1, 0.0
1.6045460701, 1, 0.0
1.61057591438, 1, 0.0
1.61660194397, 1, 0.0
1.62264990807, 1, 0.0
1.62868785858, 1, 0.0
1.63472795486, 1, 0.0
1.6407699585, 1, 0.0
1.64682197571, 1, 0.0
1.65285205841, 1, 0.0
1.6588909626, 1, 0.0
1.66493105888, 1, 0.0
1.67097187042, 1, 0.0
1.67701792717, 1, 0.0
1.68302702904, 1, 0.0
1.68939685822, 1, 0.0
1.69516801834, 1, 0.0
1.7011859417, 1, 0.0
1.70723390579, 1, 0.0
1.71326804161, 1, 0.0
1.71930384636, 1, 0.0
1.72535204887, 1, 0.0
1.73140287399, 1, 0.0
1.73743104935, 1, 0.0
1.74349784851, 1, 0.0
1.74951505661, 1, 0.0
1.75556707382, 1, 0.0
1.7615840435, 1, 0.0
1.76764798164, 1, 0.0
1.77369689941, 1, 0.0
1.77971696854, 1, 0.0
1.78575396538, 1, 0.0
1.7918279171, 1, 0.0
1.79784798622, 1, 0.0
1.80387592316, 1, 0.0
1.80992698669, 1, 0.0
1.81596183777, 1, 0.0
1.82199788094, 1, 0.0
1.82805800438, 1, 0.0
1.8340818882, 1, 0.0
1.84022593498, 1, 0.0
1.84618401527, 1, 0.0
1.852216959, 1, 0.0
1.85830903053, 1, 0.0
1.86431193352, 1, 0.0
1.87033390999, 1, 0.0
1.87637090683, 1, 0.0
1.8824160099, 1, 0.0
1.88876605034, 1, 0.0
1.89452290535, 1, 0.0
1.90053892136, 1, 0.0
1.90657997131, 1, 0.0
1.91261506081, 1, 0.0
1.91866493225, 1, 0.0
1.92471885681, 1, 0.0
1.93073892593, 1, 0.0
1.93695807457, 1, 0.0
1.94285392761, 1, 0.0
1.9488658905, 1, 0.0
1.95489501953, 1, 0.0
1.96097397804, 1, 0.0
1.96699094772, 1, 0.0
1.97302603722, 1, 0.0
1.9790520668, 1, 0.0
1.98517084122, 1, 0.0
1.99116587639, 1, 0.0
1.99721288681, 1, 0.0
2.00323796272, 1, 0.0
2.00929093361, 1, 0.0
2.0153260231, 1, 0.0
2.0213599205, 1, 0.0
2.02740502357, 1, 0.0
2.03344488144, 1, 0.0
2.03951692581, 1, 0.0
2.04554796219, 1, 0.0
2.05156302452, 1, 0.0
2.0576479435, 1, 0.0
2.06364202499, 1, 0.0
2.06966900826, 1, 0.0
2.07583284378, 1, 0.0
2.08177995682, 1, 0.0
2.08781695366, 1, 0.0
2.09383797646, 1, 0.0
2.09987092018, 1, 0.0
2.10613894463, 1, 0.0
2.11196494102, 1, 0.0
2.11798906326, 1, 0.0
2.1240439415, 1, 0.0
2.13008999825, 1, 0.0
2.13616800308, 1, 0.0
2.14227104187, 1, 0.0
2.14826107025, 1, 0.0
2.15426206589, 1, 0.0
2.16031503677, 1, 0.0
2.1663479805, 1, 0.0
2.17241287231, 1, 0.0
2.17844486237, 1, 0.0
2.18444991112, 1, 0.0
2.19050598145, 1, 0.0
2.19652986526, 1, 0.0
2.20257806778, 1, 0.0
2.20871090889, 1, 0.0
2.21465992928, 1, 0.0
2.220692873, 1, 0.0
2.22674202919, 1, 0.0
2.23279190063, 1, 0.0
2.23882889748, 1, 0.0
2.24486684799, 1, 0.0
2.2509469986, 1, 0.0
2.25698900223, 1, 0.0
2.26302599907, 1, 0.0
2.26904392242, 1, 0.0
2.27510905266, 1, 0.0
2.28112792969, 1, 0.0
2.28714299202, 1, 0.0
2.29320192337, 1, 0.0
2.299284935, 1, 0.0
2.30529999733, 1, 0.0
2.31135106087, 1, 0.0
2.31736207008, 1, 0.0
2.32344484329, 1, 0.0
2.3294699192, 1, 0.0
2.33549189568, 1, 0.0
2.34152889252, 1, 0.0
2.34754800797, 1, 0.0
2.35365796089, 1, 0.0
2.35967683792, 1, 0.0
2.36570596695, 1, 0.0
2.37174296379, 1, 0.0
2.37778306007, 1, 0.0
2.38386297226, 1, 0.0
2.38984084129, 1, 0.0
2.39591693878, 1, 0.0
2.40194797516, 1, 0.0
2.40796399117, 1, 0.0
2.41401290894, 1, 0.0
2.42006707191, 1, 0.0
2.42611789703, 1, 0.0
2.43214893341, 1, 0.0
2.43816590309, 1, 0.0
2.44423794746, 1, 0.0
2.4502530098, 1, 0.0
2.45628595352, 1, 0.0
2.46236085892, 1, 0.0
2.46839499474, 1, 0.0
2.47446393967, 1, 0.0
2.48049497604, 1, 0.0
2.48651790619, 1, 0.0
2.49257087708, 1, 0.0
2.49860286713, 1, 0.0
2.50465893745, 1, 0.0
2.5107190609, 1, 0.0
2.51673197746, 1, 0.0
2.52276587486, 1, 0.0
2.52878189087, 1, 0.0
2.53482103348, 1, 0.0
2.54107403755, 1, 0.0
2.54693484306, 1, 0.0
2.55296897888, 1, 0.0
2.55898690224, 1, 0.0
2.56502604485, 1, 0.0
2.57107496262, 1, 0.0
2.57715296745, 1, 0.0
2.58317804337, 1, 0.0
2.58923697472, 1, 0.0
2.5953040123, 1, 0.0
2.6013379097, 1, 0.0
2.60735702515, 1, 0.0
2.61339187622, 1, 0.0
2.61943101883, 1, 0.0
2.62564301491, 1, 0.0
2.63153505325, 1, 0.0
2.63754701614, 1, 0.0
2.64359998703, 1, 0.0
2.64964699745, 1, 0.0
2.65567803383, 1, 0.0
2.66175103188, 1, 0.0
2.66775584221, 1, 0.0
2.67378687859, 1, 0.0
2.67984604836, 1, 0.0
2.68589305878, 1, 0.0
2.69193291664, 1, 0.0
2.69796085358, 1, 0.0
2.70400285721, 1, 0.0
2.71008205414, 1, 0.0
2.71613502502, 1, 0.0
2.72213196754, 1, 0.0
2.72818803787, 1, 0.0
2.7342209816, 1, 0.0
2.74025702477, 1, 0.0
2.74629688263, 1, 0.0
2.75233888626, 1, 0.0
2.75864887238, 1, 0.0
2.76443099976, 1, 0.0
2.77042794228, 1, 0.0
2.77656793594, 1, 0.0
2.78254795074, 1, 0.0
2.7885890007, 1, 0.0
2.79461097717, 1, 0.0
2.80069684982, 1, 0.0
2.80670189857, 1, 0.0
2.81276106834, 1, 0.0
2.8187789917, 1, 0.0
2.82490301132, 1, 0.0
2.83088994026, 1, 0.0
2.83688187599, 1, 0.0
2.84297299385, 1, 0.0
2.84901690483, 1, 0.0
2.85504007339, 1, 0.0
2.86108803749, 1, 0.0
2.86709904671, 1, 0.0
2.8731379509, 1, 0.0
2.87918806076, 1, 0.0
2.88520598412, 1, 0.0
2.89126491547, 1, 0.0
2.8972928524, 1, 0.0
2.90333104134, 1, 0.0
2.90940690041, 1, 0.0
2.91542100906, 1, 0.0
2.92148303986, 1, 0.0
2.92751789093, 1, 0.0
2.93353700638, 1, 0.0
2.93961906433, 1, 0.0
2.94566202164, 1, 0.0
2.95165801048, 1, 0.0
2.95777702332, 1, 0.0
2.9637670517, 1, 0.0
2.9698278904, 1, 0.0
2.97584486008, 1, 0.0
2.98189687729, 1, 0.0
2.98791098595, 1, 0.0
2.99398803711, 1, 0.0
3.00003600121, 1, 0.0
3.00606298447, 1, 0.0
3.01211595535, 1, 0.0
3.01813602448, 1, 0.0
3.02423286438, 1, 0.0
3.03024291992, 1, 0.0
3.0362598896, 1, 0.0
3.04232096672, 1, 0.0
3.04835700989, 1, 0.0
3.05438399315, 1, 0.0
3.06045389175, 1, 0.0
3.06646299362, 1, 0.0
3.07248187065, 1, 0.0
3.07857704163, 1, 0.0
3.08458805084, 1, 0.0
3.0908229351, 1, 0.0
3.09666395187, 1, 0.0
3.10268902779, 1, 0.0
3.10876297951, 1, 0.0
3.11476588249, 1, 0.0
3.12082290649, 1, 0.0
3.12687897682, 1, 0.0
3.13288998604, 1, 0.0
3.13893604279, 1, 0.0
3.14499807358, 1, 0.0
3.1510310173, 1, 0.0
3.15706205368, 1, 0.0
3.16310596466, 1, 0.0
3.16913485527, 1, 0.0
3.17520499229, 1, 0.0
3.18126606941, 1, 0.0
3.18730187416, 1, 0.0
3.19332289696, 1, 0.0
3.19936585426, 1, 0.0
3.20541191101, 1, 0.0
3.21147704124, 1, 0.0
3.21749401093, 1, 0.0
3.22361588478, 1, 0.0
3.22958493233, 1, 0.0
3.23564100266, 1, 0.0
3.24175286293, 1, 0.0
3.24769997597, 1, 0.0
3.25371384621, 1, 0.0
3.25978589058, 1, 0.0
3.26582384109, 1, 0.0
3.27189207077, 1, 0.0
3.27793002129, 1, 0.0
3.2839410305, 1, 0.0
3.28995895386, 1, 0.0
3.29600095749, 1, 0.0
3.302038908, 1, 0.0
3.30813097954, 1, 0.0
3.3141579628, 1, 0.0
3.32016396523, 1, 0.0
3.32624602318, 1, 0.0
3.33227205276, 1, 0.0
3.33834195137, 1, 0.0
3.34437894821, 1, 0.0
3.35039496422, 1, 0.0
3.35641503334, 1, 0.0
3.36245703697, 1, 0.0
3.36849999428, 1, 0.0
3.3746240139, 1, 0.0
3.38059997559, 1, 0.0
3.38668084145, 1, 0.0
3.39268493652, 1, 0.0
3.39874100685, 1, 0.0
3.40476489067, 1, 0.0
3.41082286835, 1, 0.0
3.41684389114, 1, 0.0
3.42286396027, 1, 0.0
3.42891097069, 1, 0.0
3.43494296074, 1, 0.0
3.44112896919, 1, 0.0
3.4470448494, 1, 0.0
3.45309185982, 1, 0.0
3.45913791656, 1, 0.0
3.46515202522, 1, 0.0
3.47119188309, 1, 0.0
3.47723197937, 1, 0.0
3.48326992989, 1, 0.0
3.48936104774, 1, 0.0
3.49537706375, 1, 0.0
3.50139689445, 1, 0.0
3.50746297836, 1, 0.0
3.5134780407, 1, 0.0
3.5195338726, 1, 0.0
3.52559494972, 1, 0.0
3.5315990448, 1, 0.0
3.53767991066, 1, 0.0
3.54370999336, 1, 0.0
3.54976892471, 1, 0.0
3.55578184128, 1, 0.0
3.56181693077, 1, 0.0
3.56784892082, 1, 0.0
3.57391905785, 1, 0.0
3.57997584343, 1, 0.0
3.58599805832, 1, 0.0
3.59203100204, 1, 0.0
3.59805393219, 1, 0.0
3.60412192345, 1, 0.0
3.61018300056, 1, 0.0
3.61619305611, 1, 0.0
3.6222410202, 1, 0.0
3.62827301025, 1, 0.0
3.63429903984, 1, 0.0
3.64044594765, 1, 0.0
3.64641499519, 1, 0.0
3.65244698524, 1, 0.0
3.65848493576, 1, 0.0
3.66450691223, 1, 0.0
3.6707098484, 1, 0.0
3.67660498619, 1, 0.0
3.68262791634, 1, 0.0
3.68869495392, 1, 0.0
3.69471096992, 1, 0.0
3.70075106621, 1, 0.0
3.70691585541, 1, 0.0
3.71283984184, 1, 0.0
3.71887493134, 1, 0.0
3.72494792938, 1, 0.0
3.73098087311, 1, 0.0
3.73704695702, 1, 0.0
3.74305105209, 1, 0.0
3.74908089638, 1, 0.0
3.7551510334, 1, 0.0
3.76118588448, 1, 0.0
3.76725292206, 1, 0.0
3.77326488495, 1, 0.0
3.77929997444, 1, 0.0
3.7853269577, 1, 0.0
3.79138588905, 1, 0.0
3.79745101929, 1, 0.0
3.80347585678, 1, 0.0
3.80950188637, 1, 0.0
3.8155310154, 1, 0.0
3.82158899307, 1, 0.0
3.82762289047, 1, 0.0
3.83366394043, 1, 0.0
3.83969497681, 1, 0.0
3.84575104713, 1, 0.0
3.85177898407, 1, 0.0
3.85784101486, 1, 0.0
3.86386084557, 1, 0.0
3.86993098259, 1, 0.0
3.87596797943, 1, 0.0
3.8820078373, 1, 0.0
3.88807201385, 1, 0.0
3.89408493042, 1, 0.0
3.90011000633, 1, 0.0
3.90615200996, 1, 0.0
3.91219806671, 1, 0.0
3.91824483871, 1, 0.0
3.92435097694, 1, 0.0
3.93031597137, 1, 0.0
3.93635702133, 1, 0.0
3.9423930645, 1, 0.0
3.94845199585, 1, 0.0
3.95447802544, 1, 0.0
3.96053195, 1, 0.0
3.96655893326, 1, 0.0
3.97263097763, 1, 0.0
3.97869086266, 1, 0.0
3.98470807076, 1, 0.0
3.99078583717, 1, 0.0
3.99676895142, 1, 0.0
4.00281190872, 1, 0.0
4.00887298584, 1, 0.0
4.01489186287, 1, 0.0
4.02096796036, 1, 0.0
4.0269908905, 1, 0.0
4.03303599358, 1, 0.0
4.03910303116, 1, 0.0
4.04510688782, 1, 0.0
4.05113506317, 1, 0.0
4.0571770668, 1, 0.0
4.06321287155, 1, 0.0
4.06926488876, 1, 0.0
4.07531189919, 1, 0.0
4.08134007454, 1, 0.0
4.08738303185, 1, 0.0
4.09341883659, 1, 0.0
4.09946990013, 1, 0.0
4.10550785065, 1, 0.0
4.11155700684, 1, 0.0
4.11759901047, 1, 0.0
4.12363004684, 1, 0.0
4.12968301773, 1, 0.0
4.13570904732, 1, 0.0
4.14175987244, 1, 0.0
4.14779305458, 1, 0.0
4.15383505821, 1, 0.0
4.15992283821, 1, 0.0
4.1659488678, 1, 0.0
4.17198395729, 1, 0.0
4.1780090332, 1, 0.0
4.18403601646, 1, 0.0
4.19011092186, 1, 0.0
4.19613289833, 1, 0.0
4.20215988159, 1, 0.0
4.20823097229, 1, 0.0
4.21427583694, 1, 0.0
4.22034192085, 1, 0.0
4.22634196281, 1, 0.0
4.23236894608, 1, 0.0
4.23843693733, 1, 0.0
4.24447488785, 1, 0.0
4.25053906441, 1, 0.0
4.25658488274, 1, 0.0
4.26257395744, 1, 0.0
4.26862001419, 1, 0.0
4.27468204498, 1, 0.0
4.28071093559, 1, 0.0
4.28674006462, 1, 0.0
4.29279088974, 1, 0.0
4.29884386063, 1, 0.0
4.30487203598, 1, 0.0
4.31092500687, 1, 0.0
4.31698203087, 1, 0.0
4.32299399376, 1, 0.0
4.32906389236, 1, 0.0
4.33508896828, 1, 0.0
4.34113287926, 1, 0.0
4.34719395638, 1, 0.0
4.35321593285, 1, 0.0
4.35927295685, 1, 0.0
4.36531305313, 1, 0.0
4.37131905556, 1, 0.0
4.37736701965, 1, 0.0
4.38339304924, 1, 0.0
4.3894598484, 1, 0.0
4.39551591873, 1, 0.0
4.40153503418, 1, 0.0
4.40761494637, 1, 0.0
4.41364383698, 1, 0.0
4.41966795921, 1, 0.0
4.42570590973, 1, 0.0
4.43175005913, 1, 0.0
4.43781805038, 1, 0.0
4.44385004044, 1, 0.0
4.44987106323, 1, 0.0
4.45588994026, 1, 0.0
4.46195006371, 1, 0.0
4.46799087524, 1, 0.0
4.47405695915, 1, 0.0
4.48008394241, 1, 0.0
4.486109972, 1, 0.0
4.49216198921, 1, 0.0
4.49822998047, 1, 0.0
4.50424098969, 1, 0.0
4.51028203964, 1, 0.0
4.51632905006, 1, 0.0
4.52236604691, 1, 0.0
4.52839493752, 1, 0.0
4.53445506096, 1, 0.0
4.54051184654, 1, 0.0
4.54654097557, 1, 0.0
4.55257201195, 1, 0.0
4.55861997604, 1, 0.0
4.56463193893, 1, 0.0
4.5706679821, 1, 0.0
4.57674384117, 1, 0.0
4.5827729702, 1, 0.0
4.58885192871, 1, 0.0
4.59484004974, 1, 0.0
4.60087299347, 1, 0.0
4.60691905022, 1, 0.0
4.61299204826, 1, 0.0
4.61899805069, 1, 0.0
4.62505984306, 1, 0.0
4.63107895851, 1, 0.0
4.63715100288, 1, 0.0
4.64318490028, 1, 0.0
4.64922904968, 1, 0.0
4.65528798103, 1, 0.0
4.66130399704, 1, 0.0
4.66732597351, 1, 0.0
4.67339301109, 1, 0.0
4.67943406105, 1, 0.0
4.685505867, 1, 0.0
4.69150495529, 1, 0.0
4.69753193855, 1, 0.0
4.70360088348, 1, 0.0
4.70962190628, 1, 0.0
4.71569705009, 1, 0.0
4.72172188759, 1, 0.0
4.72775697708, 1, 0.0
4.73377895355, 1, 0.0
4.73984885216, 1, 0.0
4.74590396881, 1, 0.0
4.75192689896, 1, 0.0
4.75796103477, 1, 0.0
4.76398491859, 1, 0.0
4.77004885674, 1, 0.0
4.77609086037, 1, 0.0
4.78210997581, 1, 0.0
4.78817296028, 1, 0.0
4.79418706894, 1, 0.0
4.80022788048, 1, 0.0
4.80646300316, 1, 0.0
4.81231498718, 1, 0.0
4.81835484505, 1, 0.0
4.82442188263, 1, 0.0
4.83046007156, 1, 0.0
4.83652091026, 1, 0.0
4.84253096581, 1, 0.0
4.84855699539, 1, 0.0
4.85462594032, 1, 0.0
4.86066198349, 1, 0.0
4.86672997475, 1, 0.0
4.87274003029, 1, 0.0
4.87880802155, 1, 0.0
4.88484501839, 1, 0.0764266327024
4.89091587067, 1, 0.302649468184
4.89698290825, 1, 0.583899438381
4.90302085876, 1, 0.892663061619
4.90909695625, 1, 1.22282612324
4.91512584686, 1, 1.56216025352
4.92118501663, 1, 1.90455162525
4.92725491524, 1, 2.24694299698
4.93329691887, 1, 2.5893342495
4.93934202194, 1, 2.92866849899
4.94541692734, 1, 3.26188850403
4.95146584511, 1, 3.59205150604
4.95753788948, 1, 3.91915750504
4.96357107162, 1, 4.24014949799
4.9696149826, 1, 4.56114149094
4.97568702698, 1, 4.87296199799
4.98173499107, 1, 5.18478250504
4.98781490326, 1, 5.49354600906
4.99386906624, 1, 5.79619550705
4.99990200996, 1, 6.09578800201
5.00595998764, 1, 6.39232349396
5.01201200485, 1, 6.68580150604
5.01809000969, 1, 6.97316551208
5.02414488792, 1, 7.26052999496
5.03017687798, 1, 7.54177999496
5.03623986244, 1, 7.81997251511
5.04229092598, 1, 8.09205150604
5.04838085175, 1, 8.36413002014
5.05439901352, 1, 8.63315200806
5.06047487259, 1, 8.89911651611
5.06651496887, 1, 9.15896701813
5.07256484032, 1, 9.41576099396
5.07863688469, 1, 9.66949748993
5.08467292786, 1, 9.92017650604
5.09071683884, 1, 10.167798996
5.0967810154, 1, 10.4154214859
5.1028380394, 1, 10.6569290161
5.10888195038, 1, 10.8953800201
5.11492991447, 1, 11.130774498
5.12098097801, 1, 11.363111496
5.12707805634, 1, 11.595448494
5.13309192657, 1, 11.8216714859
5.13914990425, 1, 12.0478935242
5.14521503448, 1, 12.2680025101
5.15126490593, 1, 12.488111496
5.15737199783, 1, 12.7021055222
5.16336584091, 1, 12.916100502
5.16942095757, 1, 13.127038002
5.1754989624, 1, 13.3349180222
5.1815290451, 1, 13.5397415161
5.18758392334, 1, 13.7445650101
5.19364404678, 1, 13.943274498
5.19969296455, 1, 14.1419839859
5.20575404167, 1, 14.3345785141
5.21184587479, 1, 14.527173996
5.21788907051, 1, 14.7197685242
5.22392106056, 1, 14.90625
5.22996687889, 1, 15.0927305222
5.23603391647, 1, 15.2761545181
5.24212598801, 1, 15.4565219879
5.24815797806, 1, 15.6338310242
5.25418996811, 1, 15.8111410141
5.260242939, 1, 15.9853935242
5.26630306244, 1, 16.1565895081
5.27235293388, 1, 16.3277854919
5.27844500542, 1, 16.495923996
5.28448700905, 1, 16.6610050201
5.2905189991, 1, 16.8260860443
5.29658102989, 1, 16.9850540161
5.30262684822, 1, 17.1440219879
5.30872607231, 1, 17.3029880524
5.3147559166, 1, 17.4558429718
5.32082295418, 1, 17.6117534637
5.32690000534, 1, 17.761548996
5.33293199539, 1, 17.9113445282
5.33897304535, 1, 18.0611419678
5.34504985809, 1, 18.2078800201
5.35109400749, 1, 18.3515625
5.35717892647, 1, 18.4921875
5.36324095726, 1, 18.6328125
5.36924099922, 1, 18.7703800201
5.37529492378, 1, 18.9048919678
5.38137698174, 1, 19.0424594879
5.38745594025, 1, 19.1739120483
5.39350605011, 1, 19.3053665161
5.39953994751, 1, 19.4368209839
5.40558385849, 1, 19.5652179718
5.41162085533, 1, 19.6905574799
5.41768193245, 1, 19.8158969879
5.4238409996, 1, 19.9381790161
5.42981386185, 1, 20.0604610443
5.43584394455, 1, 20.1796875
5.4419260025, 1, 20.2958564758
5.44800186157, 1, 20.4120235443
5.45403790474, 1, 20.5281925201
5.46009898186, 1, 20.6413040161
5.46614384651, 1, 20.7513580322
5.47220492363, 1, 20.8614120483
5.47828292847, 1, 20.9714679718
5.48431396484, 1, 21.0784645081
5.49048185349, 1, 21.1854610443
5.49640393257, 1, 21.2894020081
5.50247097015, 1, 21.3933429718
5.50855088234, 1, 21.4942245483
5.51456189156, 1, 21.5920505524
5.52061390877, 1, 21.6929340363
5.52671504021, 1, 21.7877044678
5.53274989128, 1, 21.8824729919
5.53879785538, 1, 21.9772415161
5.54488396645, 1, 22.0720100403
5.55091786385, 1, 22.1637229919
5.55696988106, 1, 22.2523765564
5.56303095818, 1, 22.3410320282
5.56909990311, 1, 22.4296875
5.57515597343, 1, 22.5152854919
5.58119392395, 1, 22.6008834839
5.58722686768, 1, 22.683423996
5.59328103065, 1, 22.7659645081
5.59934306145, 1, 22.8485050201
5.60538601875, 1, 22.9310455322
5.6114859581, 1, 23.0074729919
5.61752104759, 1, 23.0869560242
5.62355494499, 1, 23.1633834839
5.62964606285, 1, 23.2398090363
5.63569784164, 1, 23.3131790161
5.64175891876, 1, 23.3834915161
5.64779686928, 1, 23.456861496
5.65383005142, 1, 23.527173996
5.65989398956, 1, 23.597486496
5.66593503952, 1, 23.6647415161
5.67199397087, 1, 23.7319965363
5.67808890343, 1, 23.7961959839
5.68413186073, 1, 23.863451004
5.6903488636, 1, 23.9245929718
5.69622087479, 1, 23.9887905121
5.70227885246, 1, 24.046875
5.70837306976, 1, 24.1080169678
5.71441507339, 1, 24.1691570282
5.72059392929, 1, 24.2272415161
5.72654485703, 1, 24.2822685242
5.73257994652, 1, 24.3403530121
5.73863697052, 1, 24.3953800201
5.74468684196, 1, 24.4504070282
5.75073695183, 1, 24.5023765564
5.7568230629, 1, 24.5574054718
5.76285505295, 1, 24.6063175201
5.76890707016, 1, 24.6582870483
5.77496194839, 1, 24.707201004
5.78101491928, 1, 24.7561130524
5.78708386421, 1, 24.8050270081
5.79313802719, 1, 24.8508834839
5.79918503761, 1, 24.8967380524
5.80524086952, 1, 24.9425945282
5.81129193306, 1, 24.988451004
5.81737303734, 1, 25.03125
5.8234770298, 1, 25.074048996
5.82945489883, 1, 25.1168479919
5.83551287651, 1, 25.1565895081
5.84156084061, 1, 25.1963310242
5.847645998, 1, 25.2360725403
5.85368800163, 1, 25.2758140564
5.8597509861, 1, 25.3125
5.86579298973, 1, 25.3491840363
5.87184500694, 1, 25.3858699799
5.87790203094, 1, 25.4194965363
5.88395404816, 1, 25.453125
5.89005303383, 1, 25.4867515564
5.89606499672, 1, 25.5203800201
5.90211391449, 1, 25.550951004
5.90820503235, 1, 25.5815219879
5.91423106194, 1, 25.6120929718
5.92027997971, 1, 25.6426620483
5.92633390427, 1, 25.6701755524
5.93238592148, 1, 25.6976890564
5.93845796585, 1, 25.7282600403
5.94451284409, 1, 25.7557735443
5.95055103302, 1, 25.7832870483
5.95660495758, 1, 25.8077449799
5.96265888214, 1, 25.8352584839
5.96873402596, 1, 25.8597145081
5.97478294373, 1, 25.8841705322
5.98081898689, 1, 25.9086265564
5.98687791824, 1, 25.9300270081
5.99292802811, 1, 25.9544830322
5.99899792671, 1, 25.9758834839
6.00503897667, 1, 25.9972820282
6.01111006737, 1, 26.0186824799
6.01714706421, 1, 26.0370235443
6.02321100235, 1, 26.0553665161
6.02928090096, 1, 26.0737094879
6.03531289101, 1, 26.0920505524
6.04138302803, 1, 26.1103935242
6.0474178791, 1, 26.1256790161
6.0534799099, 1, 26.1440219879
6.05956101418, 1, 26.1593074799
6.06558084488, 1, 26.1715354919
6.07163786888, 1, 26.1868209839
6.07770204544, 1, 26.199048996
6.08375191689, 1, 26.2112770081
6.0899169445, 1, 26.2265625
6.09587192535, 1, 26.2387905121
6.10192584991, 1, 26.2479610443
6.10798692703, 1, 26.2601890564
6.11403298378, 1, 26.269361496
6.1200799942, 1, 26.2785320282
6.12616086006, 1, 26.2846469879
6.13219094276, 1, 26.2938175201
6.13825106621, 1, 26.2999324799
6.14430093765, 1, 26.3091030121
6.15035295486, 1, 26.3152179718
6.15658688545, 1, 26.3213310242
6.16246604919, 1, 26.3274459839
6.16851401329, 1, 26.3335590363
6.17457890511, 1, 26.339673996
6.18062901497, 1, 26.3427314758
6.18670701981, 1, 26.3488445282
6.19274997711, 1, 26.3549594879
6.19879007339, 1, 26.3610725403
6.20485496521, 1, 26.3671875
6.21090483665, 1, 26.3733005524
6.21697592735, 1, 26.3763580322
6.22304201126, 1, 26.3824729919
6.22907495499, 1, 26.3855304718
6.23512196541, 1, 26.3885860443
6.24115300179, 1, 26.3885860443
6.24721288681, 1, 26.3916435242
6.25325798988, 1, 26.3916435242
6.25935387611, 1, 26.394701004
6.26538991928, 1, 26.3977584839
6.27142286301, 1, 26.3977584839
6.27747988701, 1, 26.3977584839
6.2835278511, 1, 26.4008140564
6.28966188431, 1, 26.4038715363
6.29566502571, 1, 26.4038715363
6.30170989037, 1, 26.4069290161
6.30780696869, 1, 26.4069290161
6.31382393837, 1, 26.4069290161
6.31988692284, 1, 26.409986496
6.32593488693, 1, 26.409986496
6.33198904991, 1, 26.4130439758
6.33806204796, 1, 26.4130439758
6.34411787987, 1, 26.4130439758
6.35016202927, 1, 26.4160995483
6.3561899662, 1, 26.4160995483
6.36224198341, 1, 26.4191570282
6.36830997467, 1, 26.4191570282
6.37438392639, 1, 26.4191570282
6.38043403625, 1, 26.4222145081
6.38648486137, 1, 26.4222145081
6.39253592491, 1, 26.4252719879
6.39861392975, 1, 26.4252719879
6.40464496613, 1, 26.4283294678
6.41070985794, 1, 26.4283294678
6.41675686836, 1, 26.4283294678
6.42278695107, 1, 26.4313850403
6.42885994911, 1, 26.4313850403
6.43489289284, 1, 26.4344425201
6.44099092484, 1, 26.4344425201
6.44702792168, 1, 26.4344425201
6.45309185982, 1, 26.4375
6.4591729641, 1, 26.4375
6.46519994736, 1, 26.4405574799
6.47122883797, 1, 26.4405574799
6.4772799015, 1, 26.4405574799
6.48333406448, 1, 26.4405574799
6.48948693275, 1, 26.4405574799
6.49546599388, 1, 26.4436130524
6.50150799751, 1, 26.4436130524
6.50754785538, 1, 26.4436130524
6.51361298561, 1, 26.4436130524
6.51967191696, 1, 26.4436130524
6.52574706078, 1, 26.4436130524
6.5317928791, 1, 26.4436130524
6.53784394264, 1, 26.4466705322
6.54389500618, 1, 26.4466705322
6.54996800423, 1, 26.4466705322
6.55604791641, 1, 26.4466705322
6.5620598793, 1, 26.4466705322
6.56810998917, 1, 26.4466705322
6.5741379261, 1, 26.4497280121
6.58021092415, 1, 26.4497280121
6.58624696732, 1, 26.4497280121
6.59234404564, 1, 26.4497280121
6.59838104248, 1, 26.4527854919
6.60444092751, 1, 26.4527854919
6.61050701141, 1, 26.4527854919
6.61654496193, 1, 26.4558429718
6.62262892723, 1, 26.4558429718
6.62865900993, 1, 26.4558429718
6.63469099998, 1, 26.4588985443
6.64077591896, 1, 26.4588985443
6.64678692818, 1, 26.4588985443
6.65284204483, 1, 26.4619560242
6.65893888474, 1, 26.4619560242
6.66498589516, 1, 26.4619560242
6.6710588932, 1, 26.465013504
6.67710399628, 1, 26.465013504
6.6831600666, 1, 26.465013504
6.68922591209, 1, 26.4680709839
6.69523191452, 1, 26.4680709839
6.70129394531, 1, 26.4711265564
6.70734906197, 1, 26.4711265564
6.7133898735, 1, 26.4741840363
6.71946907043, 1, 26.4741840363
6.72549891472, 1, 26.4772415161
6.73156499863, 1, 26.4772415161
6.73760986328, 1, 26.480298996
6.74367594719, 1, 26.480298996
6.74971485138, 1, 26.4833564758
6.75580787659, 1, 26.4833564758
6.76189398766, 1, 26.4864120483
6.76791501045, 1, 26.4864120483
6.77394795418, 1, 26.4894695282
6.77998995781, 1, 26.4894695282
6.78608202934, 1, 26.4925270081
6.79214596748, 1, 26.4925270081
6.79819393158, 1, 26.4955844879
6.80423498154, 1, 26.4955844879
6.81027793884, 1, 26.4986419678
6.8163189888, 1, 26.5016975403
6.82242393494, 1, 26.5016975403
6.82846403122, 1, 26.5016975403
6.83450293541, 1, 26.5016975403
6.84055185318, 1, 26.5016975403
6.84658789635, 1, 26.5016975403
6.85264086723, 1, 26.5016975403
6.85871505737, 1, 26.5016975403
6.86474990845, 1, 26.5016975403
6.87084293365, 1, 26.5016975403
6.87688994408, 1, 26.5016975403
6.88296294212, 1, 26.5016975403
6.88903999329, 1, 26.5016975403
6.89503598213, 1, 26.5016975403
6.90107798576, 1, 26.5016975403
6.90713095665, 1, 26.5016975403
6.91318488121, 1, 26.5016975403
6.91925406456, 1, 26.5016975403
6.92530703545, 1, 26.5016975403
6.93134903908, 1, 26.5016975403
6.93742585182, 1, 26.5016975403
6.94348192215, 1, 26.5016975403
6.94955301285, 1, 26.5016975403
6.95562505722, 1, 26.5016975403
6.96164488792, 1, 26.5016975403
6.96767306328, 1, 26.5016975403
6.97372698784, 1, 26.5016975403
6.97978997231, 1, 26.5016975403
6.98583388329, 1, 26.5016975403
6.99190402031, 1, 26.5016975403
6.99794793129, 1, 26.5016975403
7.00399899483, 1, 26.5016975403
7.0100710392, 1, 26.5016975403
7.01610589027, 1, 26.5016975403
7.02215886116, 1, 26.5016975403
7.02822494507, 1, 26.5016975403
7.03426790237, 1, 26.5016975403
7.04034686089, 1, 26.5016975403
7.04637694359, 1, 26.5016975403
7.05245685577, 1, 26.5016975403
7.05851101875, 1, 26.5016975403
7.06456184387, 1, 26.5016975403
7.07064604759, 1, 26.5016975403
7.07665586472, 1, 26.5016975403
7.08270192146, 1, 26.5016975403
7.08875584602, 1, 26.5016975403
7.094810009, 1, 26.5016975403
7.10086798668, 1, 26.5016975403
7.1069278717, 1, 26.5016975403
7.11296606064, 1, 26.5016975403
7.11902594566, 1, 26.5016975403
7.12508106232, 1, 26.5016975403
7.13116502762, 1, 26.5016975403
7.13718390465, 1, 26.5016975403
7.14324784279, 1, 26.5016975403
7.14929795265, 1, 26.5016975403
7.15535092354, 1, 26.5016975403
7.16143488884, 1, 26.5016975403
7.16745901108, 1, 26.5016975403
7.17352199554, 1, 26.5016975403
7.17956900597, 1, 26.5016975403
7.18563890457, 1, 26.5016975403
7.19169092178, 1, 26.5016975403
7.19773292542, 1, 26.5016975403
7.20378398895, 1, 26.5016975403
7.20985388756, 1, 26.5016975403
7.21589398384, 1, 26.5016975403
7.221971035, 1, 26.5016975403
7.22801804543, 1, 26.5016975403
7.23405694962, 1, 26.5016975403
7.24011301994, 1, 26.5016975403
7.24616503716, 1, 26.5016975403
7.25222396851, 1, 26.5016975403
7.25828504562, 1, 26.5016975403
7.26432394981, 1, 26.5016975403
7.27038002014, 1, 26.5016975403
7.2764339447, 1, 26.5016975403
7.28249597549, 1, 26.5016975403
7.28853797913, 1, 26.5016975403
7.29460597038, 1, 26.5016975403
7.30065107346, 1, 26.5016975403
7.30670905113, 1, 26.5016975403
7.31277894974, 1, 26.5016975403
7.31881189346, 1, 26.5016975403
7.32487392426, 1, 26.5016975403
7.330919981, 1, 26.5016975403
7.33697605133, 1, 26.5016975403
7.34305095673, 1, 26.5016975403
7.34908604622, 1, 26.5016975403
7.35513591766, 1, 26.5016975403
7.36120605469, 1, 26.5016975403
7.3672440052, 1, 26.5016975403
7.37335705757, 1, 26.5016975403
7.37936401367, 1, 26.5016975403
7.38540887833, 1, 26.5016975403
7.39147400856, 1, 26.5016975403
7.39751696587, 1, 26.5016975403
7.40360689163, 1, 26.5016975403
7.40965604782, 1, 26.5016975403
7.41568183899, 1, 26.5016975403
7.42176485062, 1, 26.5016975403
7.42781186104, 1, 26.5016975403
7.43386507034, 1, 26.5016975403
7.43992400169, 1, 26.5016975403
7.44595193863, 1, 26.5016975403
7.45204401016, 1, 26.5016975403
7.45808506012, 1, 26.5016975403
7.46413588524, 1, 26.5016975403
7.47020792961, 1, 26.5016975403
7.47623801231, 1, 26.5016975403
7.48227500916, 1, 26.5016975403
7.48835992813, 1, 26.5016975403
7.49441695213, 1, 26.5016975403
7.50048089027, 1, 26.5016975403
7.50650286674, 1, 26.5016975403
7.51254796982, 1, 26.5016975403
7.51861596107, 1, 26.5016975403
7.52465605736, 1, 26.5016975403
7.53072285652, 1, 26.5016975403
7.53676199913, 1, 26.5016975403
7.5428340435, 1, 26.5016975403
7.54887199402, 1, 26.5016975403
7.55492687225, 1, 26.5016975403
7.56098604202, 1, 26.5016975403
7.56703090668, 1, 26.5016975403
7.57313084602, 1, 26.5016975403
7.57917284966, 1, 26.5016975403
7.58523988724, 1, 26.5016975403
7.5913040638, 1, 26.5016975403
7.59733104706, 1, 26.5016975403
7.60338687897, 1, 26.5016975403
7.60943603516, 1, 26.5016975403
7.61548686028, 1, 26.5016975403
7.62160587311, 1, 26.5016975403
7.62761688232, 1, 26.5016975403
7.63364100456, 1, 26.5016975403
7.63973999023, 1, 26.5016975403
7.64576292038, 1, 26.5016975403
7.65183091164, 1, 26.5016975403
7.6578938961, 1, 26.5016975403
7.6639380455, 1, 26.5016975403
7.66998291016, 1, 26.5016975403
7.6760289669, 1, 26.5016975403
7.68227100372, 1, 26.5016975403
7.68813896179, 1, 26.5016975403
7.69422793388, 1, 26.5016975403
7.70025396347, 1, 26.5016975403
7.70627903938, 1, 26.5016975403
7.71234989166, 1, 26.5016975403
7.71842384338, 1, 26.5016975403
7.72447490692, 1, 26.5016975403
7.73052000999, 1, 26.5016975403
7.736577034, 1, 26.5016975403
7.74262595177, 1, 26.5016975403
7.74869990349, 1, 26.5016975403
7.75473284721, 1, 26.5016975403
7.76078701019, 1, 26.5016975403
7.76683998108, 1, 26.5016975403
7.77289795876, 1, 26.5016975403
7.77896690369, 1, 26.5016975403
7.78499388695, 1, 26.5016975403
7.79107189178, 1, 26.5016975403
7.79711198807, 1, 26.5016975403
7.80316996574, 1, 26.5016975403
7.80923986435, 1, 26.5016975403
7.81528306007, 1, 26.5016975403
7.82132196426, 1, 26.5016975403
7.82739400864, 1, 26.5016975403
7.83342695236, 1, 26.5016975403
7.83970689774, 1, 26.5016975403
7.84554600716, 1, 26.5016975403
7.85159897804, 1, 26.5016975403
7.857640028, 1, 26.5016975403
7.86371397972, 1, 26.5016975403
7.8697810173, 1, 26.5016975403
7.87583184242, 1, 26.5016975403
7.88186788559, 1, 26.5016975403
7.88792586327, 1, 26.5016975403
7.89397501945, 1, 26.5016975403
7.90008401871, 1, 26.5016975403
7.90611100197, 1, 26.5016975403
7.9121119976, 1, 26.5016975403
7.91816806793, 1, 26.5016975403
7.92424988747, 1, 26.5016975403
7.9303278923, 1, 26.5016975403
7.93635487556, 1, 26.5016975403
7.94240283966, 1, 26.5016975403
7.94843506813, 1, 26.5016975403
7.95449495316, 1, 26.5016975403
7.96056389809, 1, 26.5016975403
7.96659994125, 1, 26.5016975403
7.97280097008, 1, 26.5016975403
7.97870898247, 1, 26.5016975403
7.98476004601, 1, 26.5016975403
7.99086594582, 1, 26.5016975403
7.99690294266, 1, 26.5016975403
8.00295305252, 1, 26.5016975403
8.00899004936, 1, 26.5016975403
8.01503396034, 1, 26.5016975403
8.02112793922, 1, 26.5016975403
8.02716088295, 1, 26.5016975403
8.03319692612, 1, 26.5016975403
8.03927493095, 1, 26.5016975403
8.04532885551, 1, 26.5016975403
8.05140686035, 1, 26.5016975403
8.05743098259, 1, 26.5016975403
8.06346797943, 1, 26.5016975403
8.06952095032, 1, 26.5016975403
8.07557797432, 1, 26.5016975403
8.08163499832, 1, 26.5016975403
8.087692976, 1, 26.5016975403
8.09378695488, 1, 26.5016975403
8.09979104996, 1, 26.5016975403
8.10587000847, 1, 26.5016975403
8.11199903488, 1, 26.5016975403
8.11798596382, 1, 26.5016975403
8.12409186363, 1, 26.5016975403
8.13007688522, 1, 26.5016975403
8.13611984253, 1, 26.5016975403
8.14221405983, 1, 26.5016975403
8.14825606346, 1, 26.5016975403
8.15432596207, 1, 26.5016975403
8.160353899, 1, 26.5016975403
8.16638588905, 1, 26.5016975403
8.17247486115, 1, 26.5016975403
8.1785428524, 1, 26.5016975403
8.18457388878, 1, 26.5016975403
8.19062805176, 1, 26.5016975403
8.19665789604, 1, 26.5016975403
8.20271086693, 1, 26.5016975403
8.20878505707, 1, 26.5016975403
8.21481704712, 1, 26.5016975403
8.22089886665, 1, 26.5016975403
8.22694802284, 1, 26.5016975403
8.23301005363, 1, 26.5016975403
8.23908996582, 1, 26.5016975403
8.24511289597, 1, 26.5016975403
8.25116491318, 1, 26.5016975403
8.25719594955, 1, 26.5016975403
8.26324701309, 1, 26.5016975403
8.26933288574, 1, 26.5016975403
8.27540302277, 1, 26.5016975403
8.28142690659, 1, 26.5016975403
8.28749895096, 1, 26.5016975403
8.29353404045, 1, 26.5016975403
8.29962301254, 1, 26.5016975403
8.30571389198, 1, 26.5016975403
8.31171488762, 1, 26.5016975403
8.31775999069, 1, 26.5016975403
8.32379484177, 1, 26.5016975403
8.32985091209, 1, 26.5016975403
8.33591485023, 1, 26.5016975403
8.34199905396, 1, 26.5016975403
8.34803795815, 1, 26.5016975403
8.35406589508, 1, 26.5016975403
8.36013793945, 1, 26.5016975403
8.36618995667, 1, 26.5016975403
8.37223005295, 1, 26.5016975403
8.37831497192, 1, 26.5016975403
8.38433289528, 1, 26.5016975403
8.39041495323, 1, 26.5016975403
8.3964369297, 1, 26.5016975403
8.40249204636, 1, 26.5016975403
8.40855789185, 1, 26.5016975403
8.41460204124, 1, 26.5016975403
8.42079806328, 1, 26.5016975403
8.4267270565, 1, 26.5016975403
8.43276405334, 1, 26.5016975403
8.43885493279, 1, 26.5016975403
8.44489598274, 1, 26.5016975403
8.45108890533, 1, 26.5016975403
8.45699691772, 1, 26.5016975403
8.46303486824, 1, 26.5016975403
8.46912288666, 1, 26.5016975403
8.47516894341, 1, 26.5016975403
8.48121500015, 1, 26.5016975403
8.48728203773, 1, 26.5016975403
8.49331593513, 1, 26.5016975403
8.49938893318, 1, 26.5016975403
8.50544691086, 1, 26.5016975403
8.51149106026, 1, 26.5016975403
8.51756095886, 1, 26.5016975403
8.52361106873, 1, 26.5016975403
8.52963995934, 1, 26.5016975403
8.53570604324, 1, 26.5016975403
8.54176187515, 1, 26.5016975403
8.54783391953, 1, 26.5016975403
8.55386686325, 1, 26.5016975403
8.5599398613, 1, 26.5016975403
8.56597590446, 1, 26.5016975403
8.57203006744, 1, 26.5016975403
8.57810401917, 1, 26.5016975403
8.58414006233, 1, 26.5016975403
8.59019804001, 1, 26.5016975403
8.59625196457, 1, 26.5016975403
8.60230898857, 1, 26.5016975403
8.60837697983, 1, 26.5016975403
8.61440896988, 1, 26.5016975403
8.62046504021, 1, 26.5016975403
8.62651395798, 1, 26.5016975403
8.63256692886, 1, 26.5016975403
8.63876104355, 1, 26.5016975403
8.64468502998, 1, 26.5016975403
8.6507358551, 1, 26.5016975403
8.65676498413, 1, 26.5016975403
8.6628408432, 1, 26.5016975403
8.66891884804, 1, 26.5016975403
8.67497205734, 1, 26.5016975403
8.68100500107, 1, 26.5016975403
8.68706297874, 1, 26.5016975403
8.69311285019, 1, 26.5016975403
8.69918704033, 1, 26.5016975403
8.70524191856, 1, 26.5016975403
8.71129393578, 1, 26.5016975403
8.71732592583, 1, 26.5016975403
8.72338891029, 1, 26.5016975403
8.72944498062, 1, 26.5016975403
8.73549199104, 1, 26.5016975403
8.74155402184, 1, 26.5016975403
8.74760198593, 1, 26.5016975403
8.7536418438, 1, 26.5016975403
8.75968790054, 1, 26.5016975403
8.76573586464, 1, 26.5016975403
8.77178907394, 1, 26.5016975403
8.77787590027, 1, 26.5016975403
8.78389501572, 1, 26.5016975403
8.78996801376, 1, 26.5016975403
8.79600596428, 1, 26.5016975403
8.80208897591, 1, 26.5016975403
8.80813884735, 1, 26.5016975403
8.81418895721, 1, 26.5016975403
8.82026600838, 1, 26.5016975403
8.82629990578, 1, 26.5016975403
8.8323328495, 1, 26.5016975403
8.83854389191, 1, 26.5016975403
8.84444594383, 1, 26.5016975403
8.85051298141, 1, 26.5016975403
8.85656499863, 1, 26.5016975403
8.86263489723, 1, 26.5016975403
8.86868286133, 1, 26.5016975403
8.87473392487, 1, 26.5016975403
8.88081789017, 1, 26.5016975403
8.88685202599, 1, 26.5016975403
8.89291286469, 1, 26.5016975403
8.89894986153, 1, 26.5016975403
8.9050090313, 1, 26.5016975403
8.91108202934, 1, 26.5016975403
8.91711306572, 1, 26.5016975403
8.923183918, 1, 26.5016975403
8.92922186852, 1, 26.5016975403
8.93528103828, 1, 26.5016975403
8.94136691093, 1, 26.5016975403
8.94739294052, 1, 26.5016975403
8.95344495773, 1, 26.5016975403
8.95946788788, 1, 26.5016975403
8.96552205086, 1, 26.5016975403
8.97173690796, 1, 26.5016975403
8.97767996788, 1, 26.5016975403
8.98371195793, 1, 26.5016975403
8.98976588249, 1, 26.5016975403
8.99579405785, 1, 26.5016975403
9.00185990334, 1, 26.5016975403
9.00794887543, 1, 26.5016975403
9.01398396492, 1, 26.5016975403
9.0200150013, 1, 26.5016975403
9.02605986595, 1, 26.5016975403
9.03213095665, 1, 26.5016975403
9.03819394112, 1, 26.5016975403
9.04426884651, 1, 26.5016975403
9.05030894279, 1, 26.5016975403
9.05636191368, 1, 26.5016975403
9.0624320507, 1, 26.5016975403
9.06846690178, 1, 26.5016975403
9.07453989983, 1, 26.5016975403
9.08057594299, 1, 26.5016975403
9.086632967, 1, 26.5016975403
9.09271407127, 1, 26.5016975403
9.09872603416, 1, 26.5016975403
9.10482096672, 1, 26.5016975403
9.110861063, 1, 26.5016975403
9.11690092087, 1, 26.5016975403
9.123005867, 1, 26.5016975403
9.12901306152, 1, 26.5016975403
9.13504195213, 1, 26.5016975403
9.14108991623, 1, 26.5016975403
9.14716601372, 1, 26.5016975403
9.15321683884, 1, 26.5016975403
9.15930294991, 1, 26.5016975403
9.1653380394, 1, 26.5016975403
9.17136502266, 1, 26.5016975403
9.17741394043, 1, 26.5016975403
9.18347907066, 1, 26.5016975403
9.18956685066, 1, 26.5016975403
9.19560599327, 1, 26.5016975403
9.20164203644, 1, 26.5016975403
9.20768499374, 1, 26.5016975403
9.21374702454, 1, 26.5016975403
9.21979594231, 1, 26.5016975403
9.22588205338, 1, 26.5016975403
9.2319290638, 1, 26.5016975403
9.23795700073, 1, 26.5016975403
9.24402093887, 1, 26.5016975403
9.25006389618, 1, 26.5016975403
9.25616788864, 1, 26.5016975403
9.26220488548, 1, 26.5016975403
9.26822900772, 1, 26.5016975403
9.27432584763, 1, 26.5016975403
9.28035998344, 1, 26.5016975403
9.28641700745, 1, 26.5016975403
9.29246807098, 1, 26.5016975403
9.29852485657, 1, 26.5016975403
9.30459690094, 1, 26.5016975403
9.31064605713, 1, 26.5016975403
9.31668686867, 1, 26.5016975403
9.322742939, 1, 26.5016975403
9.32879304886, 1, 26.5016975403
9.33486890793, 1, 26.5016975403
9.34091997147, 1, 26.5016975403
9.34695696831, 1, 26.5016975403
9.35301995277, 1, 26.5016975403
9.35906600952, 1, 26.5016975403
9.3651368618, 1, 26.5016975403
9.37116384506, 1, 26.5016975403
9.37723994255, 1, 26.5016975403
9.38328790665, 1, 26.5016975403
9.38934206963, 1, 26.5016975403
9.39541101456, 1, 26.5016975403
9.40144991875, 1, 26.5016975403
9.40751290321, 1, 26.5016975403
9.41354584694, 1, 26.5016975403
9.41961193085, 1, 26.5016975403
9.42570090294, 1, 26.5016975403
9.43171906471, 1, 26.5016975403
9.43776988983, 1, 26.5016975403
9.44384384155, 1, 26.5016975403
9.44987797737, 1, 26.5016975403
9.45607495308, 1, 26.5016975403
9.46199798584, 1, 26.5016975403
9.4680390358, 1, 26.5016975403
9.47409391403, 1, 26.5016975403
9.48014688492, 1, 26.5016975403
9.48621988297, 1, 26.5016975403
9.49227786064, 1, 26.5016975403
9.49831104279, 1, 26.5016975403
9.50434184074, 1, 26.5016975403
9.51041889191, 1, 26.5016975403
9.51648902893, 1, 26.5016975403
9.52254390717, 1, 26.5016975403
9.52858185768, 1, 26.5016975403
9.53466296196, 1, 26.5016975403
9.54068899155, 1, 26.5016975403
9.54676795006, 1, 26.5016975403
9.55280900002, 1, 26.5016975403
9.5588760376, 1, 26.5016975403
9.56490397453, 1, 26.5016975403
9.57096600533, 1, 26.5016975403
9.57703304291, 1, 26.5016975403
